0    1    1 H          7288.971064    0.000013      0.0        0.0
1    1    2 H         13135.722895    0.000015   1112.2831     0.0002
1    2    3 He        14931.21888     0.00006    2572.68044    0.00015
2    1    3 H         14949.81090     0.00008    2827.2654     0.0003
2    2    4 He         2424.91587     0.00015    7073.9156     0.0002
3    2    5 He        11231.234      20.000      5512.1325     4.0000
3    3    6 Li        14086.88044     0.00144    5332.3312     0.0003
4    3    7 Li        14907.10463     0.00419    5606.4401     0.0006
4    4    8 Be         4941.672       0.035      7062.4356     0.0044
5    4    9 Be        11348.451       0.076      6462.6693     0.0085
6    4   10 Be        12607.487       0.081      6497.6306     0.0081
6    5   11 B          8667.708       0.012      6927.7323     0.0011
6    6   12 C             0.0         0.0        7680.1446     0.0002
7    6   13 C          3125.00933     0.00023    7469.8495     0.0002
7    7   14 N          2863.41683     0.00022    7475.6148     0.0002
8    7   15 N           101.43809     0.00058    7699.4603     0.0002
8    8   16 O         -4737.00217     0.00030    7976.2072     0.0002
9    8   17 O          -808.76421     0.00064    7750.7291     0.0002
10    8   18 O          -782.81634     0.00064    7767.0981     0.0002
10    9   19 F         -1487.44512     0.00082    7779.0192     0.0002
10   10   20 Ne        -7041.93217     0.00154    8032.2412     0.0002
11   10   21 Ne        -5731.776       0.038      7971.7136     0.0018
12   10   22 Ne        -8024.716       0.018      8080.4656     0.0008
12   11   23 Na        -9529.85352     0.00181    8111.4936     0.0002
12   12   24 Mg       -13933.578       0.013      8260.7103     0.0006
13   12   25 Mg       -13192.782       0.047      8223.5028     0.0019
14   12   26 Mg       -16214.544       0.029      8333.8711     0.0011
14   13   27 Al       -17196.864       0.047      8331.5533     0.0018
14   14   28 Si       -21492.79711     0.00051    8447.7445     0.0002
15   14   29 Si       -21895.08154     0.00056    8448.6361     0.0002
16   14   30 Si       -24432.962       0.022      8520.6549     0.0008
16   15   31 P        -24440.54442     0.00075    8481.1677     0.0002
16   16   32 S        -26015.53714     0.00131    8493.1301     0.0002
18   15   33 P        -26337.350       1.090      8513.8073     0.0330
18   16   34 S        -29931.689       0.045      8583.4986     0.0013
19   16   35 S        -28846.210       0.040      8537.8511     0.0012
20   16   36 S        -30664.141       0.188      8575.3900     0.0052
20   17   37 Cl       -31761.552       0.052      8570.2816     0.0014
20   18   38 Ar       -34714.827       0.195      8614.2807     0.0051
21   18   39 Ar       -33242.195       5.000      8562.5988     0.1282
22   18   40 Ar       -35039.89997     0.00218    8595.2594     0.0002
22   19   41 K        -35559.54880     0.00376    8576.0731     0.0003
22   20   42 Ca       -38547.293       0.148      8616.5646     0.0035
23   20   43 Ca       -38408.873       0.227      8600.6653     0.0053
24   20   44 Ca       -41468.730       0.325      8658.1769     0.0074
25   20   45 Ca       -40812.230       0.365      8630.5467     0.0081
26   20   46 Ca       -43139.610       2.234      8668.9848     0.0486
26   21   47 Sc       -44336.842       1.931      8665.0958     0.0411
26   22   48 Ti       -48492.952       0.074      8723.0122     0.0016
27   22   49 Ti       -48564.012       0.078      8711.1625     0.0016
28   22   50 Ti       -51431.867       0.082      8755.7227     0.0017
28   23   51 V        -52203.105       0.097      8742.0852     0.0019
28   24   52 Cr       -55419.508       0.112      8775.9946     0.0022
29   24   53 Cr       -55287.618       0.116      8760.2103     0.0022
30   24   54 Cr       -56935.379       0.132      8777.9672     0.0025
30   25   55 Mn       -57712.542       0.260      8765.0247     0.0047
30   26   56 Fe       -60607.163       0.268      8790.3563     0.0048
31   26   57 Fe       -60182.017       0.268      8770.2829     0.0047
32   26   58 Fe       -62155.271       0.316      8792.2534     0.0055
32   27   59 Co       -62229.838       0.397      8768.0379     0.0067
32   28   60 Ni       -64473.243       0.353      8780.7769     0.0059
33   28   61 Ni       -64222.029       0.355      8765.0281     0.0058
34   28   62 Ni       -66746.440       0.425      8794.5555     0.0069
35   28   63 Ni       -65512.891       0.426      8763.4955     0.0068
36   28   64 Ni       -67099.034       0.463      8777.4637     0.0072
36   29   65 Cu       -67263.677       0.643      8757.0967     0.0099
36   30   66 Zn       -68899.229       0.744      8759.6335     0.0113
37   30   67 Zn       -67880.376       0.755      8734.1534     0.0113
38   30   68 Zn       -70007.154       0.778      8755.6820     0.0115
38   31   69 Ga       -69327.820       1.197      8724.5798     0.0174
40   30   70 Zn       -69564.748       1.918      8729.8086     0.0274
40   31   71 Ga       -70139.127       0.811      8717.6050     0.0114
40   32   72 Ge       -72585.910       0.076      8731.7459     0.0011
41   32   73 Ge       -71297.532       0.057      8705.0500     0.0008
42   32   74 Ge       -73422.451       0.013      8725.2011     0.0003
42   33   75 As       -73034.203       0.884      8700.8748     0.0118
42   34   76 Se       -75251.959       0.016      8711.4781     0.0003
44   33   77 As       -73916.334       1.692      8695.9789     0.0220
44   34   78 Se       -77025.952       0.179      8717.8072     0.0023
45   34   79 Se       -75917.466       0.223      8695.5923     0.0028
46   34   80 Se       -77759.487       0.947      8710.8142     0.0118
46   35   81 Br       -77977.051       0.978      8695.9465     0.0121
46   36   82 Kr       -80591.79509     0.00551    8710.6754     0.0003
47   36   83 Kr       -79990.643       0.009      8695.7295     0.0003
48   36   84 Kr       -82439.34527     0.00382    8717.4473     0.0003
48   37   85 Rb       -82167.34065     0.00500    8697.4416     0.0003
50   36   86 Kr       -83265.67593     0.00372    8712.0295     0.0003
50   37   87 Rb       -84597.802       0.006      8710.9843     0.0003
50   38   88 Sr       -87921.62876     0.00561    8732.5958     0.0003
50   39   89 Y        -87711.202       0.339      8714.0110     0.0038
50   40   90 Zr       -88772.547       0.118      8709.9699     0.0013
51   40   91 Zr       -87895.592       0.095      8693.3149     0.0011
52   40   92 Zr       -88459.024       0.094      8692.6783     0.0011
53   40   93 Zr       -87122.028       0.456      8671.6207     0.0049
54   40   94 Zr       -87269.332       0.164      8666.8016     0.0018
53   42   95 Mo       -87711.872       0.123      8648.7212     0.0013
54   42   96 Mo       -88794.889       0.120      8653.9880     0.0013
55   42   97 Mo       -87544.700       0.165      8635.0926     0.0017
56   42   98 Mo       -88115.980       0.174      8635.1691     0.0018
56   43   99 Tc       -87327.869       0.908      8613.6105     0.0092
56   44  100 Ru       -89227.391       0.342      8619.3593     0.0034
57   44  101 Ru       -87958.113       0.413      8601.3660     0.0041
58   44  102 Ru       -89106.435       0.416      8607.4275     0.0041
59   44  103 Ru       -87267.168       0.441      8584.3656     0.0043
60   44  104 Ru       -88095.763       2.498      8587.3998     0.0240
60   45  105 Rh       -87851.270       2.502      8572.7053     0.0238
60   46  106 Pd       -89907.543       1.106      8579.9934     0.0104
61   46  107 Pd       -88372.654       1.201      8560.8946     0.0112
62   46  108 Pd       -89524.215       1.108      8567.0241     0.0103
62   47  109 Ag       -88719.431       1.287      8547.9155     0.0118
62   48  110 Cd       -90347.969       0.380      8551.2755     0.0035
